96
1 18 2 18
4 18 2 18
5 18 2 18
8 18 2 18
9 18 2 18
12 18 2 18
14 16 2 17
16 18 2 18
17 18 2 3
1 17 3 18
2 17 3 18
3 17 3 18
7 13 3 11
9 17 3 18
10 16 3 17
11 14 3 8
12 17 3 18
14 16 3 17
15 17 3 4
17 17 3 4
14 16 4 17
16 18 4 18
14 16 5 17
1 11 6 18
2 11 6 18
3 11 6 18
7 11 6 11
9 11 6 18
10 11 6 17
1 11 7 18
4 11 7 18
5 11 7 18
8 11 7 18
9 11 7 18
1 15 8 18
4 15 8 18
5 15 8 18
8 15 8 18
9 15 8 18
12 15 8 18
13 15 8 18
1 12 9 18
3 12 9 18
6 9 9 17
7 9 9 11
10 12 9 13
11 12 9 12
13 14 9 10
1 15 10 18
3 15 10 18
14 15 10 17
2 12 11 18
4 12 11 18
2 15 12 18
4 15 12 18
6 15 12 17
10 15 12 17
12 15 12 18
14 15 12 17
1 15 13 18
4 15 13 18
5 15 13 18
8 15 13 18
9 15 13 18
13 15 13 18
1 18 14 18
2 18 14 18
3 18 14 18
4 18 14 18
5 18 14 18
8 18 14 18
9 18 14 18
10 13 14 17
13 18 14 18
18 18 14 18
6 19 15 17
8 19 15 17
17 19 15 17
2 7 16 18
3 7 16 18
6 7 16 17
2 7 17 18
3 7 17 18
6 7 17 17
8 15 18 18
12 15 18 18
17 18 2 3
14 14 3 8
17 17 5 18
11 11 6 8
12 13 9 13
10 11 12 13
14 15 12 12
13 13 13 13
8 11 18 18
16 16 18 18