43
15 24 3 22
27 36 3 21
3 34 6 37
5 7 6 36
15 34 6 16
8 33 7 23
18 30 9 38
3 6 10 17
6 21 13 26
19 39 14 28
23 39 14 31
37 39 14 31
3 25 15 40
26 30 15 39
2 19 16 37
2 34 17 37
3 34 17 37
6 21 17 26
5 30 19 38
9 30 19 38
22 33 21 35
9 17 27 38
18 30 28 38
2 34 29 37
9 34 29 37
13 39 29 31
16 25 29 40
20 34 29 37
25 34 29 37
24 39 32 34
9 32 36 37
3 23 38 40
7 34 6 14
26 34 15 18
20 25 19 26
31 34 19 31
6 19 27 40
22 25 27 31
35 39 29 31
26 30 32 38
3 5 37 40
9 19 38 38
20 25 39 40
